1 8
2 1
3 3
4 4
5 8
6 4
7 3
8 9
9 9
10 8
11 4
12 11
13 7
14 3
15 7
16 3
17 8
18 10
19 7
20 2
21 10
22 9
23 9
24 8
25 11
26 1
27 7
28 10
29 12
30 2
31 2
32 7
33 3
34 1
35 7
36 2
37 6
38 1
39 7
40 3
41 4
42 8
43 6
44 7
45 5
46 1
47 12
48 3
49 5
50 12
51 11
52 9
53 4
54 12
55 7
56 2
57 10
58 5
59 12
60 11
61 3
62 7
63 10
64 11
65 3
66 10
67 5
68 12
69 9
70 11
71 10
72 7
73 4
74 12
75 4
76 5
77 10
78 9
79 9
80 2
81 6
82 4
83 6
84 12
85 4
86 7
87 5
88 10
89 12
90 1
91 6
92 5
93 5
94 8
95 2
96 10
97 10
98 11
99 4
100 7
101 3
102 2
103 4
104 1
105 8
106 1
107 3
108 4
109 9
110 1
111 5
112 9
113 5
114 10
115 12
